{
    "aabb": [
        [
            -0.5,
            -0.5,
            -0.5
        ],
        [
            0.5,
            0.5,
            0.5
        ]
    ],
    "scale": 100.00078582763672,
    "offset": [
        -9.34600830078125e-05,
        0.000194549560546875,
        -24.475041925907135
    ],
    "frames": [
        {
            "file_path": "000.png",
            "camera_angle_x": 0.8,
            "proj_type": 0,
            "azimuth": 0.0,
            "elevation": -0.0,
            "cam_dis": 1.5,
            "transform_matrix": [
                [
                    1.0,
                    0.0,
                    0.0,
                    0.0
                ],
                [
                    0.0,
                    1.0,
                    0.0,
                    0.0
                ],
                [
                    0.0,
                    0.0,
                    1.0,
                    1.5
                ],
                [
                    0.0,
                    0.0,
                    0.0,
                    1.0
                ]
            ]
        },
        {
            "file_path": "010.png",
            "camera_angle_x": 0.8,
            "proj_type": 0,
            "azimuth": 0.10079427737156538,
            "elevation": -0.14272837003624003,
            "cam_dis": 1.5,
            "transform_matrix": [
                [
                    0.9848077297210693,
                    -0.09960050880908966,
                    -0.14224426448345184,
                    0.21336639672517776
                ],
                [
                    0.09960050880908966,
                    0.9950019121170044,
                    -0.007138021290302277,
                    -0.010707031935453415
                ],
                [
                    0.14224426448345184,
                    -0.007138021290302277,
                    0.9898058772087097,
                    1.4847088158130646
                ],
                [
                    0.0,
                    0.0,
                    0.0,
                    1.0
                ]
            ]
        },
        {
            "file_path": "020.png",
            "camera_angle_x": 0.8,
            "proj_type": 0,
            "azimuth": 0.2058088264082016,
            "elevation": -0.28396755868075835,
            "cam_dis": 1.5,
            "transform_matrix": [
                [
                    0.9396926164627075,
                    -0.19617469608783722,
                    -0.28016650676727295,
                    0.4202497601509094
                ],
                [
                    0.19617469608783722,
                    0.9801594614982605,
                    -0.028335200622677803,
                    -0.042502800934016705
                ],
                [
                    0.28016650676727295,
                    -0.028335200622677803,
                    0.959533154964447,
                    1.4392997324466705
                ],
                [
                    0.0,
                    0.0,
                    0.0,
                    1.0
                ]
            ]
        },
        {
            "file_path": "030.png",
            "camera_angle_x": 0.8,
            "proj_type": 0,
            "azimuth": 0.3197883458873927,
            "elevation": -0.4219892773354431,
            "cam_dis": 1.5,
            "transform_matrix": [
                [
                    0.8660253882408142,
                    -0.2867882251739502,
                    -0.40957602858543396,
                    0.6143640428781509
                ],
                [
                    0.2867882251739502,
                    0.9559236764907837,
                    -0.06294747442007065,
                    -0.09442121163010597
                ],
                [
                    0.40957602858543396,
                    -0.06294747442007065,
                    0.9101017117500305,
                    1.3651525676250458
                ],
                [
                    0.0,
                    0.0,
                    0.0,
                    1.0
                ]
            ]
        },
        {
            "file_path": "040.png",
            "camera_angle_x": 0.8,
            "proj_type": 0,
            "azimuth": 0.44856609657551183,
            "elevation": -0.5545264925617701,
            "cam_dis": 1.5,
            "transform_matrix": [
                [
                    0.7660444378852844,
                    -0.36868783831596375,
                    -0.5265408158302307,
                    0.7898112237453461
                ],
                [
                    0.36868783831596375,
                    0.9230309724807739,
                    -0.10992316156625748,
                    -0.16488474234938622
                ],
                [
                    0.5265408158302307,
                    -0.10992316156625748,
                    0.8430134654045105,
                    1.2645201981067657
                ],
                [
                    0.0,
                    0.0,
                    0.0,
                    1.0
                ]
            ]
        },
        {
            "file_path": "050.png",
            "camera_angle_x": 0.8,
            "proj_type": 0,
            "azimuth": 0.5996082371756533,
            "elevation": -0.6783470405946294,
            "cam_dis": 1.5,
            "transform_matrix": [
                [
                    0.6427875757217407,
                    -0.4393850564956665,
                    -0.6275068521499634,
                    0.9412602782249451
                ],
                [
                    0.4393850564956665,
                    0.8824807405471802,
                    -0.16783492267131805,
                    -0.2517523840069771
                ],
                [
                    0.6275068521499634,
                    -0.16783492267131805,
                    0.7603068947792053,
                    1.140460342168808
                ],
                [
                    0.0,
                    0.0,
                    0.0,
                    1.0
                ]
            ]
        },
        {
            "file_path": "060.png",
            "camera_angle_x": 0.8,
            "proj_type": 0,
            "azimuth": 0.7821192766369222,
            "elevation": -0.7886557543730085,
            "cam_dis": 1.5,
            "transform_matrix": [
                [
                    0.4999999701976776,
                    -0.49673178791999817,
                    -0.7094064950942993,
                    1.064109742641449
                ],
                [
                    0.49673178791999817,
                    0.8355050086975098,
                    -0.23492316901683807,
                    -0.3523847535252571
                ],
                [
                    0.7094064950942993,
                    -0.23492316901683807,
                    0.6644949316978455,
                    0.9967423975467682
                ],
                [
                    0.0,
                    0.0,
                    0.0,
                    1.0
                ]
            ]
        },
        {
            "file_path": "070.png",
            "camera_angle_x": 0.8,
            "proj_type": 0,
            "azimuth": 1.0053500005353775,
            "elevation": -0.878451198262532,
            "cam_dis": 1.5,
            "transform_matrix": [
                [
                    0.3420201241970062,
                    -0.538985550403595,
                    -0.7697511315345764,
                    1.1546266973018646
                ],
                [
                    0.538985550403595,
                    0.7835312485694885,
                    -0.3091494143009186,
                    -0.46372412145137787
                ],
                [
                    0.7697511315345764,
                    -0.3091494143009186,
                    0.5584889054298401,
                    0.8377333581447601
                ],
                [
                    0.0,
                    0.0,
                    0.0,
                    1.0
                ]
            ]
        },
        {
            "file_path": "080.png",
            "camera_angle_x": 0.8,
            "proj_type": 0,
            "azimuth": 1.272549237958743,
            "elevation": -0.9385588145044818,
            "cam_dis": 1.5,
            "transform_matrix": [
                [
                    0.1736481487751007,
                    -0.5648625493049622,
                    -0.8067072629928589,
                    1.2100608944892883
                ],
                [
                    0.5648625493049622,
                    0.7281385660171509,
                    -0.3882583677768707,
                    -0.5823875516653061
                ],
                [
                    0.8067072629928589,
                    -0.3882583677768707,
                    0.44550958275794983,
                    0.6682643741369247
                ],
                [
                    0.0,
                    0.0,
                    0.0,
                    1.0
                ]
            ]
        },
        {
            "file_path": "090.png",
            "camera_angle_x": 0.8,
            "proj_type": 0,
            "azimuth": 1.5707963776793958,
            "elevation": -0.9599310845200695,
            "cam_dis": 1.5,
            "transform_matrix": [
                [
                    -2.918615038538519e-08,
                    -0.5735764503479004,
                    -0.8191520571708679,
                    1.2287280857563019
                ],
                [
                    0.5735764503479004,
                    0.6710100769996643,
                    -0.46984633803367615,
                    -0.7047695070505142
                ],
                [
                    0.8191520571708679,
                    -0.46984633803367615,
                    0.3289899230003357,
                    0.49348488450050354
                ],
                [
                    0.0,
                    0.0,
                    0.0,
                    1.0
                ]
            ]
        },
        {
            "file_path": "100.png",
            "camera_angle_x": 0.8,
            "proj_type": 0,
            "azimuth": 1.8690435120404907,
            "elevation": -0.9385588003753771,
            "cam_dis": 1.5,
            "transform_matrix": [
                [
                    -0.17364820837974548,
                    -0.5648625493049622,
                    -0.8067072629928589,
                    1.2100608944892883
                ],
                [
                    0.5648625493049622,
                    0.613881528377533,
                    -0.5514342784881592,
                    -0.8271514177322388
                ],
                [
                    0.8067072629928589,
                    -0.5514342784881592,
                    0.21247023344039917,
                    0.31870535016059875
                ],
                [
                    0.0,
                    0.0,
                    0.0,
                    1.0
                ]
            ]
        },
        {
            "file_path": "110.png",
            "camera_angle_x": 0.8,
            "proj_type": 0,
            "azimuth": 2.136242731894578,
            "elevation": -0.8784511736799626,
            "cam_dis": 1.5,
            "transform_matrix": [
                [
                    -0.342020183801651,
                    -0.538985550403595,
                    -0.7697511315345764,
                    1.1546266973018646
                ],
                [
                    0.538985550403595,
                    0.5584888458251953,
                    -0.6305432319641113,
                    -0.945814847946167
                ],
                [
                    0.7697511315345764,
                    -0.6305432319641113,
                    0.0994909480214119,
                    0.14923642203211784
                ],
                [
                    0.0,
                    0.0,
                    0.0,
                    1.0
                ]
            ]
        },
        {
            "file_path": "120.png",
            "camera_angle_x": 0.8,
            "proj_type": 0,
            "azimuth": 2.3594734963556734,
            "elevation": -0.7886556822685173,
            "cam_dis": 1.5,
            "transform_matrix": [
                [
                    -0.5000000596046448,
                    -0.4967317581176758,
                    -0.7094064354896545,
                    1.0641096532344818
                ],
                [
                    0.4967317581176758,
                    0.5065150856971741,
                    -0.704769492149353,
                    -1.0571542382240295
                ],
                [
                    0.7094064354896545,
                    -0.704769492149353,
                    -0.006515124347060919,
                    -0.009772686520591378
                ],
                [
                    0.0,
                    0.0,
                    0.0,
                    1.0
                ]
            ]
        },
        {
            "file_path": "130.png",
            "camera_angle_x": 0.8,
            "proj_type": 0,
            "azimuth": 2.5419844912134235,
            "elevation": -0.6783470202703094,
            "cam_dis": 1.5,
            "transform_matrix": [
                [
                    -0.6427876353263855,
                    -0.4393850266933441,
                    -0.6275068521499634,
                    0.9412602782249451
                ],
                [
                    0.4393850266933441,
                    0.45953941345214844,
                    -0.771857738494873,
                    -1.1577866077423096
                ],
                [
                    0.6275068521499634,
                    -0.771857738494873,
                    -0.10232704877853394,
                    -0.1534905731678009
                ],
                [
                    0.0,
                    0.0,
                    0.0,
                    1.0
                ]
            ]
        },
        {
            "file_path": "140.png",
            "camera_angle_x": 0.8,
            "proj_type": 0,
            "azimuth": 2.693026619006825,
            "elevation": -0.5545264204147349,
            "cam_dis": 1.5,
            "transform_matrix": [
                [
                    -0.7660444974899292,
                    -0.36868780851364136,
                    -0.5265407562255859,
                    0.7898111343383789
                ],
                [
                    0.36868780851364136,
                    0.4189891517162323,
                    -0.829769492149353,
                    -1.2446542382240295
                ],
                [
                    0.5265407562255859,
                    -0.829769492149353,
                    -0.1850336194038391,
                    -0.27755042910575867
                ],
                [
                    0.0,
                    0.0,
                    0.0,
                    1.0
                ]
            ]
        },
        {
            "file_path": "150.png",
            "camera_angle_x": 0.8,
            "proj_type": 0,
            "azimuth": 2.8218043592537456,
            "elevation": -0.4219892308097857,
            "cam_dis": 1.5,
            "transform_matrix": [
                [
                    -0.866025447845459,
                    -0.2867881953716278,
                    -0.4095759987831116,
                    0.6143639981746674
                ],
                [
                    0.2867881953716278,
                    0.38609641790390015,
                    -0.8767451643943787,
                    -1.315117746591568
                ],
                [
                    0.4095759987831116,
                    -0.8767451643943787,
                    -0.25212183594703674,
                    -0.3781827539205551
                ],
                [
                    0.0,
                    0.0,
                    0.0,
                    1.0
                ]
            ]
        },
        {
            "file_path": "160.png",
            "camera_angle_x": 0.8,
            "proj_type": 0,
            "azimuth": 2.9357838575720616,
            "elevation": -0.2839675031695118,
            "cam_dis": 1.5,
            "transform_matrix": [
                [
                    -0.9396926164627075,
                    -0.19617466628551483,
                    -0.2801664471626282,
                    0.42024967074394226
                ],
                [
                    0.19617466628551483,
                    0.3618606626987457,
                    -0.9113574028015137,
                    -1.3670361042022705
                ],
                [
                    0.2801664471626282,
                    -0.9113574028015137,
                    -0.30155327916145325,
                    -0.45232991874217987
                ],
                [
                    0.0,
                    0.0,
                    0.0,
                    1.0
                ]
            ]
        },
        {
            "file_path": "170.png",
            "camera_angle_x": 0.8,
            "proj_type": 0,
            "azimuth": 3.040798419722059,
            "elevation": -0.1427283178851401,
            "cam_dis": 1.5,
            "transform_matrix": [
                [
                    -0.9848077893257141,
                    -0.09960047155618668,
                    -0.14224421977996826,
                    0.2133663296699524
                ],
                [
                    0.09960047155618668,
                    0.3470182418823242,
                    -0.9325546026229858,
                    -1.3988319039344788
                ],
                [
                    0.14224421977996826,
                    -0.9325546026229858,
                    -0.33182600140571594,
                    -0.4977390021085739
                ],
                [
                    0.0,
                    0.0,
                    0.0,
                    1.0
                ]
            ]
        },
        {
            "file_path": "180.png",
            "camera_angle_x": 0.8,
            "proj_type": 0,
            "azimuth": -3.141592620108817,
            "elevation": 4.7815792214578264e-08,
            "cam_dis": 1.5,
            "transform_matrix": [
                [
                    -1.0,
                    3.348097621369561e-08,
                    4.781579221457832e-08,
                    -7.172368832186748e-08
                ],
                [
                    -3.348097621369561e-08,
                    0.3420201241970062,
                    -0.9396926164627075,
                    -1.4095389246940613
                ],
                [
                    -4.781579221457832e-08,
                    -0.9396926164627075,
                    -0.3420201241970062,
                    -0.5130301862955093
                ],
                [
                    0.0,
                    0.0,
                    0.0,
                    1.0
                ]
            ]
        },
        {
            "file_path": "190.png",
            "camera_angle_x": 0.8,
            "proj_type": 0,
            "azimuth": -3.040798346262563,
            "elevation": 0.14272841385859564,
            "cam_dis": 1.5,
            "transform_matrix": [
                [
                    -0.9848077297210693,
                    0.09960053861141205,
                    0.14224430918693542,
                    -0.21336646378040314
                ],
                [
                    -0.09960053861141205,
                    0.3470182418823242,
                    -0.9325546026229858,
                    -1.3988319039344788
                ],
                [
                    -0.14224430918693542,
                    -0.9325546026229858,
                    -0.33182597160339355,
                    -0.49773895740509033
                ],
                [
                    0.0,
                    0.0,
                    0.0,
                    1.0
                ]
            ]
        },
        {
            "file_path": "200.png",
            "camera_angle_x": 0.8,
            "proj_type": 0,
            "azimuth": -2.935783796791122,
            "elevation": 0.2839675855832212,
            "cam_dis": 1.5,
            "transform_matrix": [
                [
                    -0.9396926164627075,
                    0.1961747258901596,
                    0.28016653656959534,
                    -0.420249804854393
                ],
                [
                    -0.1961747258901596,
                    0.3618606626987457,
                    -0.9113574028015137,
                    -1.3670361042022705
                ],
                [
                    -0.28016653656959534,
                    -0.9113574028015137,
                    -0.30155324935913086,
                    -0.4523298740386963
                ],
                [
                    0.0,
                    0.0,
                    0.0,
                    1.0
                ]
            ]
        },
        {
            "file_path": "210.png",
            "camera_angle_x": 0.8,
            "proj_type": 0,
            "azimuth": -2.8218042766905094,
            "elevation": 0.42198930068613905,
            "cam_dis": 1.5,
            "transform_matrix": [
                [
                    -0.8660253882408142,
                    0.2867882549762726,
                    0.40957605838775635,
                    -0.6143640875816345
                ],
                [
                    -0.2867882549762726,
                    0.38609644770622253,
                    -0.8767451643943787,
                    -1.315117746591568
                ],
                [
                    -0.40957605838775635,
                    -0.8767451643943787,
                    -0.25212180614471436,
                    -0.37818270921707153
                ],
                [
                    0.0,
                    0.0,
                    0.0,
                    1.0
                ]
            ]
        },
        {
            "file_path": "220.png",
            "camera_angle_x": 0.8,
            "proj_type": 0,
            "azimuth": -2.6930264950217317,
            "elevation": 0.5545265140359252,
            "cam_dis": 1.5,
            "transform_matrix": [
                [
                    -0.7660443782806396,
                    0.36868786811828613,
                    0.5265408158302307,
                    -0.7898112237453461
                ],
                [
                    -0.36868786811828613,
                    0.4189891815185547,
                    -0.8297694325447083,
                    -1.2446541488170624
                ],
                [
                    -0.5265408158302307,
                    -0.8297694325447083,
                    -0.18503357470035553,
                    -0.2775503620505333
                ],
                [
                    0.0,
                    0.0,
                    0.0,
                    1.0
                ]
            ]
        },
        {
            "file_path": "230.png",
            "camera_angle_x": 0.8,
            "proj_type": 0,
            "azimuth": -2.54198438481491,
            "elevation": 0.678347076450039,
            "cam_dis": 1.5,
            "transform_matrix": [
                [
                    -0.6427875757217407,
                    0.4393850862979889,
                    0.6275069117546082,
                    -0.9412603676319122
                ],
                [
                    -0.4393850862979889,
                    0.4595394432544708,
                    -0.7718576788902283,
                    -1.1577865183353424
                ],
                [
                    -0.6275069117546082,
                    -0.7718576788902283,
                    -0.10232698917388916,
                    -0.15349048376083374
                ],
                [
                    0.0,
                    0.0,
                    0.0,
                    1.0
                ]
            ]
        },
        {
            "file_path": "240.png",
            "camera_angle_x": 0.8,
            "proj_type": 0,
            "azimuth": -2.359473347151187,
            "elevation": 0.78865576937157,
            "cam_dis": 1.5,
            "transform_matrix": [
                [
                    -0.4999999403953552,
                    0.49673178791999817,
                    0.7094064950942993,
                    -1.064109742641449
                ],
                [
                    -0.49673178791999817,
                    0.5065151453018188,
                    -0.7047694325447083,
                    -1.0571541488170624
                ],
                [
                    -0.7094064950942993,
                    -0.7047694325447083,
                    -0.006515056360512972,
                    -0.009772584540769458
                ],
                [
                    0.0,
                    0.0,
                    0.0,
                    1.0
                ]
            ]
        },
        {
            "file_path": "250.png",
            "camera_angle_x": 0.8,
            "proj_type": 0,
            "azimuth": -2.1362425742142457,
            "elevation": 0.8784512228450994,
            "cam_dis": 1.5,
            "transform_matrix": [
                [
                    -0.34202006459236145,
                    0.538985550403595,
                    0.7697511315345764,
                    -1.1546266973018646
                ],
                [
                    -0.538985550403595,
                    0.5584889054298401,
                    -0.6305431723594666,
                    -0.9458147585391998
                ],
                [
                    -0.7697511315345764,
                    -0.6305431723594666,
                    0.09949102252721786,
                    0.1492365337908268
                ],
                [
                    0.0,
                    0.0,
                    0.0,
                    1.0
                ]
            ]
        },
        {
            "file_path": "260.png",
            "camera_angle_x": 0.8,
            "proj_type": 0,
            "azimuth": -1.8690433192216038,
            "elevation": 0.93855886385702,
            "cam_dis": 1.5,
            "transform_matrix": [
                [
                    -0.17364808917045593,
                    0.5648625493049622,
                    0.8067073225975037,
                    -1.2100609838962555
                ],
                [
                    -0.5648625493049622,
                    0.6138815879821777,
                    -0.5514342188835144,
                    -0.8271513283252716
                ],
                [
                    -0.8067073225975037,
                    -0.5514342188835144,
                    0.21247030794620514,
                    0.3187054619193077
                ],
                [
                    0.0,
                    0.0,
                    0.0,
                    1.0
                ]
            ]
        },
        {
            "file_path": "270.png",
            "camera_angle_x": 0.8,
            "proj_type": 0,
            "azimuth": -1.570796174141393,
            "elevation": 0.9599310845200647,
            "cam_dis": 1.5,
            "transform_matrix": [
                [
                    8.755845470886925e-08,
                    0.5735764503479004,
                    0.8191520571708679,
                    -1.2287280857563019
                ],
                [
                    -0.5735764503479004,
                    0.6710100769996643,
                    -0.46984627842903137,
                    -0.7047694176435471
                ],
                [
                    -0.8191520571708679,
                    -0.46984627842903137,
                    0.32898998260498047,
                    0.4934849739074707
                ],
                [
                    0.0,
                    0.0,
                    0.0,
                    1.0
                ]
            ]
        },
        {
            "file_path": "280.png",
            "camera_angle_x": 0.8,
            "proj_type": 0,
            "azimuth": -1.2725490155019807,
            "elevation": 0.9385588322070251,
            "cam_dis": 1.5,
            "transform_matrix": [
                [
                    0.17364826798439026,
                    0.5648624897003174,
                    0.8067072629928589,
                    -1.2100608944892883
                ],
                [
                    -0.5648624897003174,
                    0.7281386256217957,
                    -0.38825830817222595,
                    -0.5823874622583389
                ],
                [
                    -0.8067072629928589,
                    -0.38825830817222595,
                    0.445509672164917,
                    0.6682645082473755
                ],
                [
                    0.0,
                    0.0,
                    0.0,
                    1.0
                ]
            ]
        },
        {
            "file_path": "290.png",
            "camera_angle_x": 0.8,
            "proj_type": 0,
            "azimuth": -1.0053498428550613,
            "elevation": 0.8784511490973912,
            "cam_dis": 1.5,
            "transform_matrix": [
                [
                    0.3420202434062958,
                    0.538985550403595,
                    0.7697511315345764,
                    -1.1546266973018646
                ],
                [
                    -0.538985550403595,
                    0.7835313081741333,
                    -0.3091493546962738,
                    -0.4637240320444107
                ],
                [
                    -0.7697511315345764,
                    -0.3091493546962738,
                    0.5584889650344849,
                    0.8377334475517273
                ],
                [
                    0.0,
                    0.0,
                    0.0,
                    1.0
                ]
            ]
        },
        {
            "file_path": "300.png",
            "camera_angle_x": 0.8,
            "proj_type": 0,
            "azimuth": -0.7821191272363573,
            "elevation": 0.78865569716904,
            "cam_dis": 1.5,
            "transform_matrix": [
                [
                    0.5000000596046448,
                    0.4967317283153534,
                    0.7094064354896545,
                    -1.0641096532344818
                ],
                [
                    -0.4967317283153534,
                    0.8355050683021545,
                    -0.2349231094121933,
                    -0.35238466411828995
                ],
                [
                    -0.7094064354896545,
                    -0.2349231094121933,
                    0.664495050907135,
                    0.9967425763607025
                ],
                [
                    0.0,
                    0.0,
                    0.0,
                    1.0
                ]
            ]
        },
        {
            "file_path": "310.png",
            "camera_angle_x": 0.8,
            "proj_type": 0,
            "azimuth": -0.5996080875770922,
            "elevation": 0.6783469535371519,
            "cam_dis": 1.5,
            "transform_matrix": [
                [
                    0.6427876949310303,
                    0.43938499689102173,
                    0.6275067925453186,
                    -0.9412601888179779
                ],
                [
                    -0.43938499689102173,
                    0.8824807405471802,
                    -0.16783489286899567,
                    -0.2517523393034935
                ],
                [
                    -0.6275067925453186,
                    -0.16783489286899567,
                    0.7603069543838501,
                    1.1404604315757751
                ],
                [
                    0.0,
                    0.0,
                    0.0,
                    1.0
                ]
            ]
        },
        {
            "file_path": "320.png",
            "camera_angle_x": 0.8,
            "proj_type": 0,
            "azimuth": -0.4485660029956259,
            "elevation": 0.5545263765471211,
            "cam_dis": 1.5,
            "transform_matrix": [
                [
                    0.7660444974899292,
                    0.36868777871131897,
                    0.5265406966209412,
                    -0.7898110449314117
                ],
                [
                    -0.36868777871131897,
                    0.9230309724807739,
                    -0.10992312431335449,
                    -0.16488468647003174
                ],
                [
                    -0.5265406966209412,
                    -0.10992312431335449,
                    0.8430135250091553,
                    1.264520287513733
                ],
                [
                    0.0,
                    0.0,
                    0.0,
                    1.0
                ]
            ]
        },
        {
            "file_path": "330.png",
            "camera_angle_x": 0.8,
            "proj_type": 0,
            "azimuth": -0.31978826332415705,
            "elevation": 0.42198918027114346,
            "cam_dis": 1.5,
            "transform_matrix": [
                [
                    0.866025447845459,
                    0.2867881655693054,
                    0.4095759391784668,
                    -0.6143639087677002
                ],
                [
                    -0.2867881655693054,
                    0.9559237360954285,
                    -0.06294744461774826,
                    -0.09442116692662239
                ],
                [
                    -0.4095759391784668,
                    -0.06294744461774826,
                    0.9101017117500305,
                    1.3651525676250458
                ],
                [
                    0.0,
                    0.0,
                    0.0,
                    1.0
                ]
            ]
        },
        {
            "file_path": "340.png",
            "camera_angle_x": 0.8,
            "proj_type": 0,
            "azimuth": -0.20580875293834774,
            "elevation": 0.283967459920246,
            "cam_dis": 1.5,
            "transform_matrix": [
                [
                    0.9396926760673523,
                    0.19617463648319244,
                    0.2801664173603058,
                    -0.4202496260404587
                ],
                [
                    -0.19617463648319244,
                    0.9801595211029053,
                    -0.02833518199622631,
                    -0.042502772994339466
                ],
                [
                    -0.2801664173603058,
                    -0.02833518199622631,
                    0.959533154964447,
                    1.4392997324466705
                ],
                [
                    0.0,
                    0.0,
                    0.0,
                    1.0
                ]
            ]
        },
        {
            "file_path": "350.png",
            "camera_angle_x": 0.8,
            "proj_type": 0,
            "azimuth": -0.10079420391207121,
            "elevation": 0.14272827406278502,
            "cam_dis": 1.5,
            "transform_matrix": [
                [
                    0.9848077893257141,
                    0.09960044175386429,
                    0.14224417507648468,
                    -0.21336626261472702
                ],
                [
                    -0.09960044175386429,
                    0.9950019121170044,
                    -0.0071380119770765305,
                    -0.010707017965614796
                ],
                [
                    -0.14224417507648468,
                    -0.0071380119770765305,
                    0.9898058772087097,
                    1.4847088158130646
                ],
                [
                    0.0,
                    0.0,
                    0.0,
                    1.0
                ]
            ]
        }
    ]
}